              precision    recall  f1-score   support

      Arrive       0.91      0.77      0.83        13
         Bed       0.77      0.83      0.80        12
        Bird       0.94      0.89      0.92        19
         Boy       0.91      0.89      0.90        55
        Come       0.29      0.18      0.22        11
         Day       0.67      0.92      0.77        13
        Deer       0.91      1.00      0.95        10
        Frog       0.92      1.00      0.96        35
        Girl       0.92      0.69      0.79        16
        Good       0.82      0.71      0.76        38
        Lady       0.94      0.84      0.89        19
       Laugh       0.58      0.54      0.56        13
         Man       0.93      0.78      0.85        18
       Night       0.62      0.62      0.62         8
      People       0.75      0.82      0.78        22
      Rabbit       0.81      0.76      0.79        17
        Real       0.53      0.53      0.53        17
        Same       0.77      0.94      0.85        18
         Say       0.44      0.53      0.48        15
       Sheep       0.77      0.91      0.83        11
        Slow       0.72      0.87      0.79        15
      Sprint       0.90      0.64      0.75        14
       Think       0.75      0.71      0.73        21
    Tortoise       0.96      0.93      0.95        46
        What       0.61      0.85      0.71        20
       Where       0.58      0.65      0.61        17
      Window       1.00      0.93      0.96        14
        Wolf       0.94      0.88      0.91        34
        Yell       0.69      0.64      0.67        14

    accuracy                           0.80       575
   macro avg       0.77      0.77      0.76       575
weighted avg       0.81      0.80      0.80       575
