              precision    recall  f1-score   support

      Arrive       0.22      0.15      0.18        13
         Bed       0.29      0.17      0.21        12
        Bird       0.47      0.47      0.47        19
         Boy       0.36      0.56      0.44        55
        Come       0.17      0.09      0.12        11
         Day       0.64      0.54      0.58        13
        Deer       0.82      0.90      0.86        10
        Frog       0.47      0.46      0.46        35
        Girl       0.46      0.38      0.41        16
        Good       0.25      0.39      0.30        38
        Lady       0.35      0.37      0.36        19
       Laugh       0.40      0.15      0.22        13
         Man       0.00      0.00      0.00        18
       Night       0.38      0.38      0.38         8
      People       0.37      0.32      0.34        22
      Rabbit       0.36      0.53      0.43        17
        Real       0.16      0.18      0.17        17
        Same       0.20      0.11      0.14        18
         Say       0.22      0.13      0.17        15
       Sheep       0.29      0.36      0.32        11
        Slow       0.53      0.53      0.53        15
      Sprint       0.38      0.43      0.40        14
       Think       0.28      0.24      0.26        21
    Tortoise       0.67      0.85      0.75        46
        What       0.25      0.05      0.08        20
       Where       0.36      0.29      0.32        17
      Window       0.27      0.29      0.28        14
        Wolf       0.39      0.41      0.40        34
        Yell       0.33      0.21      0.26        14

    accuracy                           0.39       575
   macro avg       0.36      0.34      0.34       575
weighted avg       0.37      0.39      0.37       575
