              precision    recall  f1-score   support

      Arrive       0.86      0.92      0.89        13
         Bed       0.86      1.00      0.92        12
        Bird       1.00      0.89      0.94        19
         Boy       0.87      0.95      0.90        55
        Come       0.46      0.55      0.50        11
         Day       0.92      0.85      0.88        13
        Deer       0.91      1.00      0.95        10
        Frog       1.00      1.00      1.00        35
        Girl       0.93      0.81      0.87        16
        Good       0.75      0.95      0.84        38
        Lady       1.00      0.79      0.88        19
       Laugh       0.83      0.77      0.80        13
         Man       0.83      0.83      0.83        18
       Night       0.75      0.75      0.75         8
      People       0.82      0.82      0.82        22
      Rabbit       1.00      0.82      0.90        17
        Real       0.77      0.59      0.67        17
        Same       0.64      0.78      0.70        18
         Say       0.60      0.40      0.48        15
       Sheep       0.89      0.73      0.80        11
        Slow       0.81      0.87      0.84        15
      Sprint       0.75      0.64      0.69        14
       Think       0.77      0.81      0.79        21
    Tortoise       0.98      0.93      0.96        46
        What       0.73      0.80      0.76        20
       Where       0.79      0.65      0.71        17
      Window       0.88      1.00      0.93        14
        Wolf       0.91      0.91      0.91        34
        Yell       0.86      0.86      0.86        14

    accuracy                           0.85       575
   macro avg       0.83      0.82      0.82       575
weighted avg       0.85      0.85      0.84       575
