              precision    recall  f1-score   support

      Arrive       0.92      0.92      0.92        13
         Bed       1.00      1.00      1.00        12
        Bird       0.94      0.79      0.86        19
         Boy       0.81      0.95      0.87        55
        Come       0.75      0.55      0.63        11
         Day       0.86      0.92      0.89        13
        Deer       0.77      1.00      0.87        10
        Frog       0.92      0.97      0.94        35
        Girl       0.76      0.81      0.79        16
        Good       0.74      0.76      0.75        38
        Lady       0.95      1.00      0.97        19
       Laugh       0.85      0.85      0.85        13
         Man       0.86      0.67      0.75        18
       Night       1.00      0.88      0.93         8
      People       0.87      0.91      0.89        22
      Rabbit       0.85      0.65      0.73        17
        Real       0.80      0.71      0.75        17
        Same       0.88      0.83      0.86        18
         Say       0.67      0.40      0.50        15
       Sheep       0.91      0.91      0.91        11
        Slow       0.83      1.00      0.91        15
      Sprint       0.85      0.79      0.81        14
       Think       0.71      0.81      0.76        21
    Tortoise       0.94      0.96      0.95        46
        What       0.88      0.75      0.81        20
       Where       0.93      0.82      0.87        17
      Window       0.93      1.00      0.97        14
        Wolf       0.85      0.97      0.90        34
        Yell       0.92      0.79      0.85        14

    accuracy                           0.86       575
   macro avg       0.86      0.84      0.84       575
weighted avg       0.86      0.86      0.85       575
