              precision    recall  f1-score   support

      Arrive       0.83      0.77      0.80        13
         Bed       0.86      1.00      0.92        12
        Bird       0.88      0.74      0.80        19
         Boy       0.86      0.93      0.89        55
        Come       0.75      0.55      0.63        11
         Day       0.80      0.92      0.86        13
        Deer       1.00      1.00      1.00        10
        Frog       0.97      1.00      0.99        35
        Girl       0.85      0.69      0.76        16
        Good       0.84      0.84      0.84        38
        Lady       0.95      0.95      0.95        19
       Laugh       0.71      0.77      0.74        13
         Man       0.76      0.72      0.74        18
       Night       0.89      1.00      0.94         8
      People       0.83      0.86      0.84        22
      Rabbit       0.93      0.82      0.87        17
        Real       0.81      0.76      0.79        17
        Same       0.83      0.83      0.83        18
         Say       0.69      0.60      0.64        15
       Sheep       1.00      0.91      0.95        11
        Slow       0.79      1.00      0.88        15
      Sprint       0.71      0.86      0.77        14
       Think       0.81      0.81      0.81        21
    Tortoise       1.00      0.96      0.98        46
        What       0.62      0.75      0.68        20
       Where       0.81      0.76      0.79        17
      Window       1.00      1.00      1.00        14
        Wolf       1.00      0.91      0.95        34
        Yell       0.86      0.86      0.86        14

    accuracy                           0.86       575
   macro avg       0.85      0.85      0.85       575
weighted avg       0.86      0.86      0.86       575
