              precision    recall  f1-score   support

      Arrive       0.92      0.85      0.88        13
         Bed       0.85      0.92      0.88        12
        Bird       0.94      0.84      0.89        19
         Boy       0.87      0.95      0.90        55
        Come       0.86      0.55      0.67        11
         Day       1.00      0.92      0.96        13
        Deer       0.77      1.00      0.87        10
        Frog       0.92      0.97      0.94        35
        Girl       1.00      0.62      0.77        16
        Good       0.84      0.68      0.75        38
        Lady       0.94      0.84      0.89        19
       Laugh       0.93      1.00      0.96        13
         Man       1.00      0.78      0.88        18
       Night       1.00      1.00      1.00         8
      People       0.70      0.86      0.78        22
      Rabbit       1.00      0.65      0.79        17
        Real       0.94      0.88      0.91        17
        Same       0.88      0.83      0.86        18
         Say       0.45      0.60      0.51        15
       Sheep       1.00      1.00      1.00        11
        Slow       1.00      0.87      0.93        15
      Sprint       0.85      0.79      0.81        14
       Think       0.72      0.86      0.78        21
    Tortoise       0.92      0.98      0.95        46
        What       0.64      0.70      0.67        20
       Where       0.75      0.88      0.81        17
      Window       1.00      1.00      1.00        14
        Wolf       0.79      0.91      0.85        34
        Yell       1.00      0.93      0.96        14

    accuracy                           0.86       575
   macro avg       0.88      0.85      0.86       575
weighted avg       0.87      0.86      0.86       575
