              precision    recall  f1-score   support

      Arrive       0.69      0.85      0.76        13
         Bed       0.80      1.00      0.89        12
        Bird       1.00      0.84      0.91        19
         Boy       0.93      0.93      0.93        55
        Come       0.55      0.55      0.55        11
         Day       0.73      0.85      0.79        13
        Deer       1.00      0.90      0.95        10
        Frog       1.00      1.00      1.00        35
        Girl       1.00      0.81      0.90        16
        Good       0.85      0.76      0.81        38
        Lady       0.94      0.79      0.86        19
       Laugh       0.75      0.92      0.83        13
         Man       0.89      0.89      0.89        18
       Night       0.88      0.88      0.88         8
      People       0.76      0.86      0.81        22
      Rabbit       1.00      0.88      0.94        17
        Real       0.74      0.82      0.78        17
        Same       0.74      0.78      0.76        18
         Say       0.67      0.53      0.59        15
       Sheep       0.83      0.91      0.87        11
        Slow       0.71      0.80      0.75        15
      Sprint       0.81      0.93      0.87        14
       Think       1.00      0.71      0.83        21
    Tortoise       0.96      0.96      0.96        46
        What       0.71      0.85      0.77        20
       Where       0.77      0.59      0.67        17
      Window       1.00      1.00      1.00        14
        Wolf       0.86      0.88      0.87        34
        Yell       0.75      0.86      0.80        14

    accuracy                           0.85       575
   macro avg       0.84      0.84      0.83       575
weighted avg       0.86      0.85      0.85       575
