              precision    recall  f1-score   support

      Arrive       0.00      0.00      0.00        13
         Bed       0.00      0.00      0.00        12
        Bird       0.29      0.21      0.24        19
         Boy       0.34      0.65      0.45        55
        Come       0.00      0.00      0.00        11
         Day       0.50      0.38      0.43        13
        Deer       0.80      0.80      0.80        10
        Frog       0.39      0.43      0.41        35
        Girl       0.36      0.25      0.30        16
        Good       0.23      0.45      0.30        38
        Lady       0.11      0.05      0.07        19
       Laugh       0.00      0.00      0.00        13
         Man       0.00      0.00      0.00        18
       Night       0.20      0.25      0.22         8
      People       0.33      0.27      0.30        22
      Rabbit       0.30      0.41      0.35        17
        Real       0.21      0.35      0.26        17
        Same       0.40      0.11      0.17        18
         Say       0.11      0.07      0.08        15
       Sheep       0.00      0.00      0.00        11
        Slow       0.50      0.20      0.29        15
      Sprint       0.62      0.36      0.45        14
       Think       0.36      0.19      0.25        21
    Tortoise       0.58      0.89      0.70        46
        What       0.17      0.05      0.08        20
       Where       0.33      0.24      0.28        17
      Window       0.33      0.21      0.26        14
        Wolf       0.24      0.47      0.31        34
        Yell       0.17      0.14      0.15        14

    accuracy                           0.34       575
   macro avg       0.27      0.26      0.25       575
weighted avg       0.30      0.34      0.29       575
