              precision    recall  f1-score   support

      Arrive       0.00      0.00      0.00        13
         Bed       0.00      0.00      0.00        12
        Bird       0.47      0.42      0.44        19
         Boy       0.31      0.69      0.43        55
        Come       0.25      0.09      0.13        11
         Day       0.00      0.00      0.00        13
        Deer       0.83      1.00      0.91        10
        Frog       0.43      0.46      0.44        35
        Girl       0.30      0.19      0.23        16
        Good       0.20      0.39      0.27        38
        Lady       0.40      0.11      0.17        19
       Laugh       0.00      0.00      0.00        13
         Man       0.00      0.00      0.00        18
       Night       0.23      0.38      0.29         8
      People       0.33      0.27      0.30        22
      Rabbit       0.22      0.24      0.23        17
        Real       0.14      0.18      0.16        17
        Same       0.57      0.22      0.32        18
         Say       0.00      0.00      0.00        15
       Sheep       0.50      0.09      0.15        11
        Slow       0.54      0.47      0.50        15
      Sprint       0.45      0.36      0.40        14
       Think       0.40      0.19      0.26        21
    Tortoise       0.59      0.85      0.70        46
        What       0.00      0.00      0.00        20
       Where       0.25      0.18      0.21        17
      Window       0.09      0.07      0.08        14
        Wolf       0.21      0.38      0.27        34
        Yell       0.45      0.36      0.40        14

    accuracy                           0.33       575
   macro avg       0.28      0.26      0.25       575
weighted avg       0.30      0.33      0.29       575
