              precision    recall  f1-score   support

      Arrive       1.00      0.85      0.92        13
         Bed       0.80      1.00      0.89        12
        Bird       0.94      0.89      0.92        19
         Boy       0.88      0.96      0.92        55
        Come       0.78      0.64      0.70        11
         Day       0.92      0.92      0.92        13
        Deer       0.91      1.00      0.95        10
        Frog       1.00      0.97      0.99        35
        Girl       0.92      0.75      0.83        16
        Good       0.91      0.79      0.85        38
        Lady       1.00      0.95      0.97        19
       Laugh       0.93      1.00      0.96        13
         Man       0.94      0.83      0.88        18
       Night       1.00      1.00      1.00         8
      People       0.91      0.91      0.91        22
      Rabbit       0.93      0.76      0.84        17
        Real       0.88      0.88      0.88        17
        Same       0.85      0.94      0.89        18
         Say       0.50      0.67      0.57        15
       Sheep       0.85      1.00      0.92        11
        Slow       0.82      0.93      0.87        15
      Sprint       0.86      0.86      0.86        14
       Think       0.94      0.76      0.84        21
    Tortoise       0.98      1.00      0.99        46
        What       0.79      0.75      0.77        20
       Where       0.88      0.88      0.88        17
      Window       0.88      1.00      0.93        14
        Wolf       0.91      0.94      0.93        34
        Yell       0.93      0.93      0.93        14

    accuracy                           0.90       575
   macro avg       0.89      0.89      0.89       575
weighted avg       0.90      0.90      0.90       575
