              precision    recall  f1-score   support

      Arrive       0.83      0.77      0.80        13
         Bed       0.79      0.92      0.85        12
        Bird       0.85      0.89      0.87        19
         Boy       0.89      0.89      0.89        55
        Come       0.50      0.45      0.48        11
         Day       0.75      0.92      0.83        13
        Deer       0.83      1.00      0.91        10
        Frog       0.92      1.00      0.96        35
        Girl       0.85      0.69      0.76        16
        Good       0.82      0.82      0.82        38
        Lady       0.88      0.79      0.83        19
       Laugh       0.53      0.62      0.57        13
         Man       0.81      0.72      0.76        18
       Night       0.62      0.62      0.62         8
      People       0.94      0.77      0.85        22
      Rabbit       0.92      0.71      0.80        17
        Real       0.71      0.59      0.65        17
        Same       0.82      0.78      0.80        18
         Say       0.50      0.47      0.48        15
       Sheep       0.75      0.82      0.78        11
        Slow       0.72      0.87      0.79        15
      Sprint       0.70      0.50      0.58        14
       Think       0.72      0.86      0.78        21
    Tortoise       0.98      0.93      0.96        46
        What       0.75      0.75      0.75        20
       Where       0.61      0.82      0.70        17
      Window       0.87      0.93      0.90        14
        Wolf       0.88      0.85      0.87        34
        Yell       0.80      0.86      0.83        14

    accuracy                           0.81       575
   macro avg       0.78      0.78      0.77       575
weighted avg       0.81      0.81      0.81       575
