              precision    recall  f1-score   support

      Arrive       0.36      0.38      0.37        13
         Bed       0.38      0.42      0.40        12
        Bird       0.45      0.47      0.46        19
         Boy       0.75      0.78      0.77        55
        Come       0.43      0.27      0.33        11
         Day       0.86      0.92      0.89        13
        Deer       1.00      0.70      0.82        10
        Frog       0.82      0.89      0.85        35
        Girl       0.65      0.69      0.67        16
        Good       0.53      0.61      0.57        38
        Lady       0.42      0.42      0.42        19
       Laugh       0.75      0.46      0.57        13
         Man       0.53      0.50      0.51        18
       Night       1.00      0.75      0.86         8
      People       0.52      0.50      0.51        22
      Rabbit       0.67      0.59      0.62        17
        Real       0.48      0.59      0.53        17
        Same       0.62      0.44      0.52        18
         Say       0.14      0.07      0.09        15
       Sheep       0.56      0.82      0.67        11
        Slow       0.55      0.40      0.46        15
      Sprint       0.86      0.43      0.57        14
       Think       0.55      0.52      0.54        21
    Tortoise       0.78      0.87      0.82        46
        What       0.67      0.50      0.57        20
       Where       0.39      0.65      0.49        17
      Window       0.52      0.79      0.63        14
        Wolf       0.45      0.44      0.45        34
        Yell       0.50      0.57      0.53        14

    accuracy                           0.60       575
   macro avg       0.59      0.57      0.57       575
weighted avg       0.60      0.60      0.59       575
