              precision    recall  f1-score   support

      Arrive       0.77      0.77      0.77        13
         Bed       0.91      0.83      0.87        12
        Bird       1.00      0.84      0.91        19
         Boy       0.85      0.95      0.90        55
        Come       0.75      0.55      0.63        11
         Day       1.00      0.92      0.96        13
        Deer       0.83      1.00      0.91        10
        Frog       0.97      0.97      0.97        35
        Girl       0.83      0.62      0.71        16
        Good       0.78      0.55      0.65        38
        Lady       0.75      0.79      0.77        19
       Laugh       0.87      1.00      0.93        13
         Man       0.82      0.78      0.80        18
       Night       1.00      1.00      1.00         8
      People       0.58      0.82      0.68        22
      Rabbit       0.91      0.59      0.71        17
        Real       0.93      0.76      0.84        17
        Same       0.83      0.83      0.83        18
         Say       0.38      0.40      0.39        15
       Sheep       0.92      1.00      0.96        11
        Slow       0.76      0.87      0.81        15
      Sprint       0.85      0.79      0.81        14
       Think       0.81      0.81      0.81        21
    Tortoise       0.90      0.96      0.93        46
        What       0.60      0.60      0.60        20
       Where       0.68      0.88      0.77        17
      Window       0.87      0.93      0.90        14
        Wolf       0.81      0.85      0.83        34
        Yell       1.00      0.93      0.96        14

    accuracy                           0.82       575
   macro avg       0.83      0.81      0.81       575
weighted avg       0.83      0.82      0.82       575
