              precision    recall  f1-score   support

      Arrive       0.67      0.62      0.64        13
         Bed       0.83      0.83      0.83        12
        Bird       0.81      0.89      0.85        19
         Boy       0.98      0.84      0.90        55
        Come       0.80      0.36      0.50        11
         Day       0.65      0.85      0.73        13
        Deer       0.71      1.00      0.83        10
        Frog       0.97      1.00      0.99        35
        Girl       0.93      0.88      0.90        16
        Good       0.76      0.50      0.60        38
        Lady       1.00      0.95      0.97        19
       Laugh       0.73      0.62      0.67        13
         Man       0.65      0.61      0.63        18
       Night       1.00      0.50      0.67         8
      People       0.71      0.77      0.74        22
      Rabbit       0.82      0.82      0.82        17
        Real       0.57      0.71      0.63        17
        Same       0.76      0.89      0.82        18
         Say       0.56      0.33      0.42        15
       Sheep       0.82      0.82      0.82        11
        Slow       0.65      0.73      0.69        15
      Sprint       0.77      0.71      0.74        14
       Think       0.83      0.71      0.77        21
    Tortoise       0.93      0.87      0.90        46
        What       0.56      0.75      0.64        20
       Where       0.67      0.94      0.78        17
      Window       0.67      1.00      0.80        14
        Wolf       0.83      0.88      0.86        34
        Yell       0.68      0.93      0.79        14

    accuracy                           0.79       575
   macro avg       0.77      0.77      0.76       575
weighted avg       0.80      0.79      0.78       575
