              precision    recall  f1-score   support

      Arrive       0.79      0.85      0.81        13
         Bed       0.85      0.92      0.88        12
        Bird       0.94      0.89      0.92        19
         Boy       0.95      0.95      0.95        55
        Come       0.67      0.73      0.70        11
         Day       0.73      0.85      0.79        13
        Deer       0.91      1.00      0.95        10
        Frog       1.00      1.00      1.00        35
        Girl       0.92      0.75      0.83        16
        Good       0.91      0.79      0.85        38
        Lady       0.76      0.84      0.80        19
       Laugh       1.00      0.77      0.87        13
         Man       0.89      0.89      0.89        18
       Night       0.64      0.88      0.74         8
      People       0.84      0.95      0.89        22
      Rabbit       0.93      0.82      0.87        17
        Real       0.84      0.94      0.89        17
        Same       0.89      0.89      0.89        18
         Say       0.50      0.47      0.48        15
       Sheep       0.91      0.91      0.91        11
        Slow       0.71      0.80      0.75        15
      Sprint       0.75      0.64      0.69        14
       Think       0.73      0.76      0.74        21
    Tortoise       0.98      0.93      0.96        46
        What       0.79      0.75      0.77        20
       Where       0.79      0.65      0.71        17
      Window       0.78      1.00      0.88        14
        Wolf       0.94      0.94      0.94        34
        Yell       0.86      0.86      0.86        14

    accuracy                           0.86       575
   macro avg       0.83      0.84      0.83       575
weighted avg       0.86      0.86      0.86       575
