              precision    recall  f1-score   support

      Arrive       0.71      0.38      0.50        13
         Bed       0.86      0.50      0.63        12
        Bird       0.73      0.84      0.78        19
         Boy       0.78      0.89      0.83        55
        Come       0.00      0.00      0.00        11
         Day       0.64      0.54      0.58        13
        Deer       0.77      1.00      0.87        10
        Frog       0.80      1.00      0.89        35
        Girl       1.00      0.62      0.77        16
        Good       0.51      0.55      0.53        38
        Lady       0.58      0.74      0.65        19
       Laugh       0.40      0.15      0.22        13
         Man       0.90      0.50      0.64        18
       Night       0.67      0.25      0.36         8
      People       0.64      0.64      0.64        22
      Rabbit       0.55      0.71      0.62        17
        Real       0.47      0.53      0.50        17
        Same       0.60      0.67      0.63        18
         Say       0.00      0.00      0.00        15
       Sheep       1.00      0.18      0.31        11
        Slow       0.56      0.60      0.58        15
      Sprint       0.43      0.71      0.54        14
       Think       0.60      0.57      0.59        21
    Tortoise       0.83      0.87      0.85        46
        What       0.33      0.40      0.36        20
       Where       0.67      0.71      0.69        17
      Window       0.58      1.00      0.74        14
        Wolf       0.55      0.79      0.65        34
        Yell       0.86      0.43      0.57        14

    accuracy                           0.65       575
   macro avg       0.62      0.58      0.57       575
weighted avg       0.64      0.65      0.62       575
