              precision    recall  f1-score   support

      Arrive       0.83      0.38      0.53        13
         Bed       0.57      1.00      0.73        12
        Bird       0.70      1.00      0.83        19
         Boy       0.88      0.89      0.88        55
        Come       0.00      0.00      0.00        11
         Day       0.69      0.85      0.76        13
        Deer       0.91      1.00      0.95        10
        Frog       0.95      1.00      0.97        35
        Girl       0.77      0.62      0.69        16
        Good       0.72      0.47      0.57        38
        Lady       0.86      0.63      0.73        19
       Laugh       0.00      0.00      0.00        13
         Man       0.65      0.72      0.68        18
       Night       1.00      0.25      0.40         8
      People       0.54      0.64      0.58        22
      Rabbit       0.86      0.71      0.77        17
        Real       0.50      0.76      0.60        17
        Same       0.57      0.94      0.71        18
         Say       0.00      0.00      0.00        15
       Sheep       0.80      0.36      0.50        11
        Slow       0.75      0.80      0.77        15
      Sprint       0.80      0.57      0.67        14
       Think       0.46      0.62      0.53        21
    Tortoise       0.77      0.96      0.85        46
        What       0.56      0.50      0.53        20
       Where       0.83      0.59      0.69        17
      Window       0.93      1.00      0.97        14
        Wolf       0.57      0.91      0.70        34
        Yell       0.71      0.71      0.71        14

    accuracy                           0.71       575
   macro avg       0.66      0.65      0.63       575
weighted avg       0.69      0.71      0.68       575
